0 0.218455 0.816482 0.076860 0.056309
0 0.330867 0.861282 0.073983 0.071928
0 0.349979 0.892520 0.085080 0.080970
0 0.474928 0.300041 0.071928 0.082203
0 0.815454 0.219482 0.069051 0.083025
0 0.272298 0.142828 0.071928 0.084258
1 0.582203 0.131114 0.075216 0.021373
1 0.248664 0.236334 0.045212 0.024661
1 0.061241 0.563707 0.040279 0.056309
1 0.191328 0.705508 0.063707 0.019318
1 0.239416 0.595150 0.030826 0.065762
1 0.496506 0.775380 0.020551 0.085080
1 0.116317 0.363748 0.045212 0.069873
1 0.417797 0.109125 0.046445 0.043157
1 0.455199 0.069051 0.043157 0.020551
1 0.633580 0.083436 0.054665 0.024661
1 0.502055 0.043773 0.030004 0.050555
1 0.171188 0.257501 0.039868 0.050555
1 0.189273 0.314016 0.051377 0.029593
1 0.363337 0.316071 0.085491 0.078915
1 0.181874 0.739416 0.039046 0.041924
