0 0.749383 0.873355 0.094984 0.109375
0 0.910979 0.527549 0.079359 0.068257
0 0.485814 0.905633 0.107319 0.084293
0 0.571340 0.088405 0.102385 0.076480
1 0.648026 0.249383 0.045230 0.057155
1 0.869860 0.266447 0.065378 0.069079
1 0.910979 0.443051 0.029194 0.061266
1 0.060444 0.499178 0.027138 0.046875
1 0.099712 0.502262 0.025082 0.025082
1 0.293174 0.593956 0.031250 0.056332
1 0.259868 0.383840 0.018914 0.051398
1 0.148026 0.258429 0.046053 0.023438
1 0.529811 0.553865 0.029194 0.050164
1 0.918380 0.381785 0.035773 0.048931
1 0.877878 0.366365 0.050987 0.064145
1 0.407895 0.925370 0.054276 0.037418
2 0.067845 0.407895 0.018092 0.049342
