0 0.198808 0.184622 0.075247 0.086349
0 0.512747 0.919408 0.097039 0.119243
0 0.747533 0.652549 0.091283 0.092928
0 0.663035 0.124178 0.034951 0.077303
0 0.085321 0.349095 0.039062 0.058388
0 0.491776 0.453536 0.055099 0.044408
1 0.235403 0.704153 0.042352 0.066201
1 0.439556 0.197163 0.032895 0.079359
1 0.454564 0.123150 0.044819 0.039062
1 0.826686 0.103618 0.043174 0.036184
1 0.122533 0.297081 0.032895 0.038240
1 0.065378 0.582854 0.014803 0.052220
1 0.114104 0.644120 0.030016 0.052220
1 0.847245 0.261924 0.020148 0.055921
1 0.655633 0.718339 0.049753 0.023849
1 0.427837 0.471628 0.048109 0.018092