0 0.886719 0.434827 0.089227 0.103207
0 0.526727 0.409951 0.085526 0.083059
0 0.321135 0.446957 0.041118 0.078947
0 0.245477 0.628495 0.037829 0.081003
0 0.449013 0.695107 0.090461 0.116365
0 0.863692 0.739926 0.067023 0.079359
0 0.654194 0.897615 0.059211 0.064145
0 0.775905 0.801398 0.058388 0.060033
0 0.589021 0.085526 0.065378 0.050164
1 0.621916 0.128495 0.043174 0.020148
1 0.220395 0.430921 0.041941 0.031250
1 0.169202 0.781456 0.035773 0.030016
1 0.241365 0.853002 0.032072 0.020970
1 0.931332 0.544613 0.036184 0.062089
2 0.447985 0.943257 0.104030 0.055099
