1 0.750411 0.392475 0.050987 0.080181
1 0.679276 0.147615 0.055099 0.051809
1 0.777961 0.165707 0.026316 0.054276
1 0.811061 0.229030 0.035773 0.050164
1 0.848067 0.231908 0.038240 0.036184
1 0.895354 0.315584 0.028372 0.020970
1 0.908512 0.353002 0.030016 0.016036
1 0.945518 0.365132 0.028372 0.032072
1 0.912007 0.415913 0.041118 0.057155
1 0.924959 0.388775 0.047286 0.034951
1 0.883224 0.574836 0.041941 0.054276
1 0.532895 0.532895 0.023026 0.064145
1 0.823602 0.788857 0.027138 0.047286
1 0.350329 0.879729 0.037007 0.020148
1 0.387952 0.204359 0.034128 0.031250
1 0.206826 0.172697 0.041118 0.040296
1 0.409951 0.079359 0.026316 0.046053
1 0.476768 0.055715 0.039062 0.034951
2 0.230880 0.112048 0.094984 0.067023
2 0.505757 0.928454 0.095395 0.055099