0 0.696752 0.275493 0.066201 0.053454
0 0.096012 0.675164 0.042352 0.055921
0 0.078947 0.369655 0.074013 0.045230
0 0.507196 0.916941 0.067845 0.054276
0 0.748355 0.847245 0.046875 0.057155
0 0.047903 0.501645 0.070312 0.062500
0 0.408512 0.923314 0.057155 0.071135
1 0.920436 0.446957 0.053865 0.071546
1 0.730880 0.759868 0.035773 0.063322
1 0.083059 0.608964 0.055921 0.072368
1 0.456209 0.178043 0.030016 0.055099
1 0.085526 0.395970 0.059211 0.027138
1 0.074424 0.532278 0.050987 0.033306
1 0.612459 0.843133 0.066201 0.047286