0 0.427671 0.845766 0.041331 0.073253
0 0.617440 0.710013 0.038810 0.037634
0 0.609123 0.367272 0.025202 0.051075
0 0.697203 0.381552 0.035030 0.048723
0 0.429183 0.218078 0.024194 0.043683
0 0.329133 0.742944 0.033770 0.065188
0 0.187122 0.690020 0.041079 0.042675
1 0.540323 0.846438 0.038810 0.019489
1 0.262727 0.435988 0.007812 0.048051
1 0.315398 0.450773 0.030494 0.052755
1 0.450101 0.425403 0.022177 0.049059
1 0.506678 0.576109 0.011341 0.048723
1 0.569304 0.575101 0.029738 0.036626
1 0.267263 0.314348 0.018397 0.040659
1 0.255040 0.283938 0.015121 0.059140
1 0.250504 0.241095 0.036794 0.022513
1 0.234753 0.222782 0.048135 0.010081
1 0.272681 0.216062 0.039819 0.023522
1 0.276084 0.176411 0.012853 0.037634
1 0.337576 0.128024 0.027470 0.036962
1 0.314264 0.175907 0.019153 0.036626
1 0.398564 0.200437 0.024446 0.030578
1 0.488407 0.116263 0.057460 0.023522
1 0.489919 0.271169 0.016129 0.025538
1 0.512097 0.309308 0.011593 0.034610
2 0.151210 0.416163 0.064012 0.105847
