0 0.208669 0.630544 0.054435 0.057460
0 0.363155 0.831821 0.038306 0.035282
0 0.658896 0.719926 0.038558 0.046707
0 0.685484 0.685316 0.025202 0.048723
0 0.709047 0.324597 0.028478 0.048387
0 0.179435 0.516969 0.046371 0.044019
0 0.201991 0.265457 0.019909 0.059140
1 0.260081 0.763105 0.014113 0.055780
1 0.253402 0.680612 0.021925 0.051411
1 0.461316 0.844590 0.033014 0.021841
1 0.319682 0.805276 0.024446 0.021169
1 0.399320 0.189012 0.021925 0.040659
1 0.430570 0.264113 0.028478 0.056452
1 0.502394 0.152554 0.030494 0.014113
1 0.504788 0.137265 0.041835 0.015121
1 0.562500 0.163138 0.012601 0.054772
1 0.542591 0.117776 0.020665 0.057460
1 0.527722 0.109711 0.029234 0.043347
1 0.545111 0.493952 0.037802 0.024866
1 0.638735 0.195901 0.036542 0.024866
1 0.607233 0.168179 0.034526 0.015121
1 0.595640 0.152722 0.030998 0.015793
1 0.681830 0.283098 0.032510 0.015121
1 0.726941 0.414819 0.017893 0.071573
2 0.350302 0.101815 0.084173 0.096102
