0 0.177545 0.305612 0.043599 0.072245
0 0.102823 0.548051 0.025202 0.049731
0 0.303175 0.900034 0.042843 0.032594
0 0.333039 0.921203 0.035030 0.028562
0 0.381804 0.144321 0.045867 0.046707
0 0.237525 0.235383 0.032006 0.064180
0 0.604839 0.783266 0.032258 0.047715
1 0.146295 0.379032 0.037550 0.021505
1 0.117188 0.414651 0.037298 0.035618
1 0.110761 0.494624 0.009325 0.036962
1 0.134451 0.700773 0.018397 0.044019
1 0.419229 0.693212 0.009325 0.051075
1 0.415449 0.874832 0.019909 0.013105
1 0.548765 0.858703 0.051159 0.048051
1 0.578503 0.383065 0.043599 0.031586
1 0.615549 0.472278 0.027470 0.050739
1 0.634199 0.448757 0.009829 0.040659
1 0.647177 0.450437 0.017641 0.060148
1 0.652218 0.490423 0.039819 0.030578
1 0.670867 0.465054 0.010081 0.047043
1 0.672001 0.557628 0.024446 0.026546
1 0.669733 0.590726 0.013861 0.041667
1 0.665953 0.640793 0.016885 0.045699
1 0.629284 0.724294 0.010585 0.050067
2 0.583921 0.261089 0.077117 0.100806
