0 0.295993 0.801579 0.049647 0.054099
0 0.330267 0.196237 0.036038 0.059140
0 0.523438 0.139785 0.034274 0.033602
0 0.622102 0.722614 0.042087 0.028562
0 0.648311 0.549059 0.033518 0.039651
0 0.199723 0.665155 0.043599 0.046035
1 0.475050 0.769153 0.042843 0.025538
1 0.480343 0.844422 0.036794 0.023522
1 0.589214 0.768481 0.011593 0.043011
1 0.434476 0.462534 0.044355 0.031250
1 0.462450 0.359711 0.016129 0.058132
1 0.389491 0.284778 0.035030 0.048723
1 0.400580 0.345934 0.017389 0.038642
1 0.326487 0.771001 0.023438 0.050067
1 0.257812 0.213542 0.031250 0.024530
1 0.504410 0.197413 0.008317 0.038642
1 0.547505 0.158602 0.015373 0.038978
1 0.365423 0.110215 0.028226 0.019489
1 0.371472 0.145833 0.034274 0.017473
2 0.140877 0.500336 0.068044 0.094758