0 0.195565 0.696447 0.065188 0.041079
0 0.076613 0.509451 0.028898 0.044607
0 0.467406 0.819934 0.067204 0.027470
0 0.409610 0.631930 0.055780 0.047631
0 0.496136 0.563634 0.044019 0.046119
0 0.570397 0.550907 0.091062 0.074093
0 0.425067 0.466356 0.080645 0.057712
0 0.892641 0.440398 0.050067 0.037550
0 0.802419 0.717238 0.053763 0.038306
0 0.098622 0.440776 0.059476 0.048387
1 0.172883 0.727697 0.027890 0.041583
1 0.150874 0.608871 0.043011 0.037298
1 0.082829 0.584803 0.025874 0.027974
1 0.177251 0.329637 0.034610 0.050403
1 0.702957 0.215348 0.054435 0.020917
1 0.850806 0.375252 0.047043 0.046875
1 0.939684 0.429688 0.023185 0.050403
1 0.899362 0.608241 0.032594 0.044607
1 0.885753 0.557334 0.065188 0.030998
1 0.471102 0.589844 0.017473 0.042591
1 0.770665 0.456905 0.044019 0.018649
1 0.196069 0.280620 0.018481 0.033014
