0 0.555444 0.447833 0.086022 0.075605
0 0.630544 0.436744 0.048051 0.040323
0 0.722278 0.464970 0.034610 0.049395
0 0.922883 0.514113 0.046035 0.051915
0 0.796371 0.727823 0.063844 0.047883
0 0.543683 0.572833 0.065188 0.055444
0 0.364919 0.214214 0.061828 0.026714
0 0.758737 0.240675 0.067204 0.027722
0 0.235215 0.284778 0.047043 0.026714
1 0.592910 0.806074 0.035954 0.049647
1 0.773353 0.759325 0.051411 0.010081
1 0.844422 0.712324 0.036962 0.038558
1 0.909946 0.611895 0.042339 0.042843
1 0.969758 0.529234 0.036962 0.043851
1 0.319388 0.216356 0.022513 0.041079
1 0.296875 0.290197 0.051411 0.029486
1 0.168683 0.346144 0.012097 0.033518
1 0.122816 0.371724 0.012433 0.049395
1 0.141297 0.415827 0.051411 0.038810
1 0.111055 0.571195 0.044691 0.033518
2 0.276714 0.248236 0.076277 0.047883
