0 0.598454 0.509451 0.087366 0.079889
0 0.628864 0.552671 0.062836 0.030242
0 0.635081 0.621220 0.063844 0.026210
0 0.626680 0.782888 0.067204 0.033518
0 0.337534 0.790071 0.067540 0.042843
0 0.817540 0.291079 0.050403 0.032762
0 0.925739 0.558216 0.033602 0.046371
0 0.434980 0.546371 0.069556 0.057964
1 0.805780 0.262979 0.053763 0.013357
1 0.700605 0.268775 0.033602 0.047127
1 0.573925 0.183090 0.045027 0.011845
1 0.523522 0.177671 0.067204 0.016129
1 0.484375 0.205015 0.037970 0.043599
1 0.278394 0.235257 0.034610 0.038558
1 0.174899 0.669103 0.069556 0.022681
1 0.282930 0.766633 0.028226 0.042843
1 0.376680 0.790575 0.040323 0.040323
1 0.423219 0.793851 0.032594 0.021673
1 0.508401 0.803049 0.059140 0.021925
1 0.622648 0.816532 0.055108 0.016633
2 0.743112 0.239037 0.069556 0.051159
