0 0.712828 0.571405 0.058720 0.070228
0 0.508191 0.471606 0.045111 0.070228
0 0.753780 0.508233 0.042843 0.060148
0 0.600302 0.176411 0.036794 0.033602
0 0.439138 0.141801 0.045615 0.041667
0 0.392893 0.342910 0.043347 0.030578
0 0.184098 0.371808 0.018397 0.060148
0 0.234123 0.499664 0.020665 0.051075
0 0.247354 0.791331 0.032006 0.043683
0 0.565146 0.622312 0.039567 0.041667
1 0.748362 0.597446 0.024446 0.022177
1 0.750630 0.453797 0.019909 0.034610
1 0.703755 0.352991 0.048135 0.024530
1 0.640751 0.231351 0.038054 0.021169
1 0.542591 0.144825 0.032762 0.047715
1 0.454385 0.103663 0.032258 0.034610
1 0.164567 0.500840 0.016129 0.036626
1 0.248992 0.651378 0.018145 0.077621
1 0.227949 0.757728 0.046623 0.025538
1 0.338710 0.889617 0.031250 0.020497
1 0.409400 0.885081 0.030494 0.051747
1 0.374622 0.907930 0.043599 0.012097
1 0.545615 0.899866 0.028226 0.047043
1 0.619708 0.310820 0.013105 0.035618
2 0.223790 0.684140 0.033770 0.063172
