0 0.246472 0.653058 0.052923 0.093750
0 0.267011 0.735887 0.041079 0.061156
0 0.553553 0.779066 0.018397 0.054099
0 0.667843 0.631888 0.027218 0.062164
0 0.578377 0.455813 0.036290 0.060148
0 0.412298 0.027554 0.029234 0.041667
0 0.580645 0.077453 0.033266 0.051411
0 0.685484 0.203461 0.037298 0.052083
0 0.423891 0.508569 0.045867 0.071573
1 0.451361 0.801747 0.021169 0.030242
1 0.525328 0.799563 0.034022 0.029234
1 0.583669 0.745464 0.044355 0.018481
1 0.671245 0.675739 0.039062 0.027554
1 0.626512 0.112399 0.025202 0.031250
1 0.511719 0.072581 0.047631 0.018817
1 0.252772 0.090726 0.029738 0.047715
1 0.285282 0.063340 0.029738 0.024530
1 0.388357 0.787466 0.023690 0.054772
1 0.237525 0.151378 0.019405 0.057460
1 0.152344 0.276042 0.011845 0.052083
1 0.290953 0.501848 0.037046 0.046035
1 0.231225 0.721102 0.026462 0.019489
1 0.522933 0.424563 0.031754 0.025874
2 0.486643 0.037634 0.039819 0.061828
