0 0.063296 0.393136 0.110152 0.101521
0 0.196054 0.762433 0.086313 0.090423
0 0.051788 0.517057 0.097822 0.110974
0 0.066173 0.585286 0.070695 0.062474
0 0.429305 0.077682 0.088368 0.074805
0 0.212495 0.208590 0.061652 0.080148
0 0.253802 0.126387 0.059597 0.055487
0 0.111385 0.300041 0.052610 0.057542
0 0.545623 0.528771 0.096589 0.095767
0 0.764694 0.673037 0.091656 0.117139
0 0.947801 0.517057 0.083025 0.098644
0 0.852240 0.255446 0.089190 0.103987
0 0.610769 0.093711 0.056720 0.061652
1 0.534731 0.187628 0.050144 0.052199
1 0.152076 0.575010 0.053432 0.070695
1 0.675503 0.096794 0.056309 0.034936
1 0.284012 0.284217 0.036169 0.052199
1 0.832717 0.543773 0.033703 0.065762
1 0.601110 0.407933 0.059597 0.051377
1 0.479244 0.212700 0.032059 0.055487
1 0.919647 0.411632 0.026716 0.056309
1 0.220715 0.154747 0.049322 0.034114