0 0.381785 0.907895 0.085115 0.041941
0 0.275905 0.286390 0.050164 0.072780
0 0.612048 0.208265 0.088405 0.081003
0 0.913446 0.503701 0.063734 0.067434
0 0.912418 0.608141 0.057566 0.061678
0 0.794613 0.170230 0.046464 0.070724
0 0.893298 0.348479 0.054688 0.084293
0 0.519737 0.768092 0.055099 0.056743
0 0.670641 0.904400 0.065789 0.043174
1 0.336554 0.915090 0.048109 0.058799
1 0.350535 0.869243 0.059622 0.024671
1 0.172697 0.526110 0.057566 0.026727
1 0.429482 0.119860 0.071957 0.054688
1 0.740132 0.371711 0.060855 0.064967
1 0.789062 0.567640 0.061678 0.058799
1 0.895970 0.703742 0.041118 0.059622
1 0.606497 0.867188 0.037829 0.032895
