0 0.120968 0.451865 0.047043 0.041835
0 0.151210 0.380796 0.045699 0.050907
0 0.529234 0.269405 0.046371 0.024698
0 0.566196 0.266633 0.035618 0.025202
0 0.600806 0.258065 0.034946 0.021169
1 0.102151 0.494456 0.010753 0.025202
1 0.122312 0.476310 0.037634 0.012097
1 0.232191 0.306200 0.046371 0.038810
1 0.525874 0.236391 0.045027 0.013105
1 0.573925 0.239415 0.041667 0.012097
1 0.615927 0.278982 0.019489 0.016633
1 0.648522 0.274698 0.043011 0.018145
1 0.666331 0.290071 0.012769 0.021673
1 0.687500 0.268145 0.030914 0.021169
1 0.718414 0.292087 0.028226 0.056956
1 0.749664 0.405494 0.050403 0.019657
1 0.840054 0.560736 0.024194 0.039819
1 0.824933 0.571573 0.031586 0.018145
1 0.413306 0.367692 0.012097 0.022681
