0 0.275370 0.355973 0.044691 0.026462
0 0.531082 0.481981 0.042003 0.051663
0 0.349630 0.317666 0.031922 0.039062
0 0.268313 0.465978 0.058804 0.049899
0 0.175403 0.482611 0.051075 0.037802
0 0.167003 0.528982 0.047715 0.039819
0 0.197749 0.614919 0.068884 0.025202
0 0.310652 0.604839 0.093078 0.065524
0 0.346438 0.539315 0.036962 0.037802
0 0.310988 0.750504 0.062164 0.042843
0 0.482527 0.815272 0.063844 0.065524
0 0.721438 0.769279 0.066532 0.064264
0 0.869792 0.638987 0.045363 0.023942
0 0.792003 0.442036 0.039651 0.034778
0 0.158602 0.577495 0.057796 0.033518
0 0.446405 0.371850 0.011761 0.018901
0 0.586190 0.265625 0.042675 0.033266
0 0.697917 0.608619 0.054435 0.020161
0 0.197749 0.639869 0.038642 0.024698
0 0.777722 0.353201 0.042675 0.043599
1 0.420363 0.326109 0.016801 0.038306
1 0.460181 0.472278 0.021169 0.038306
1 0.432460 0.789189 0.046371 0.020917
1 0.694892 0.657888 0.030242 0.044103
1 0.868448 0.596396 0.035954 0.043599
1 0.891969 0.590474 0.021169 0.035282
1 0.893145 0.611517 0.043683 0.029486
1 0.684476 0.438256 0.064516 0.014617
2 0.574093 0.821951 0.031922 0.043599
