0 0.387433 0.347782 0.043011 0.073085
0 0.434476 0.282636 0.066532 0.056200
0 0.286962 0.516381 0.043683 0.039819
0 0.709173 0.656628 0.052755 0.036542
0 0.793683 0.578125 0.030242 0.038306
0 0.436660 0.592238 0.042003 0.037802
0 0.580981 0.400454 0.067204 0.066028
1 0.765961 0.257434 0.025202 0.039567
1 0.537802 0.710433 0.066196 0.024698
1 0.349126 0.165071 0.053763 0.022681
1 0.570060 0.158770 0.055444 0.022681
1 0.520665 0.144657 0.031922 0.012097
1 0.520161 0.168599 0.017473 0.028226
1 0.110215 0.285156 0.037634 0.033518
2 0.072917 0.464718 0.060484 0.059980
