0 0.337534 0.170237 0.082997 0.046623
0 0.503864 0.141129 0.056116 0.030242
0 0.157762 0.321069 0.086358 0.032258
0 0.164819 0.556074 0.035282 0.033518
0 0.234543 0.633191 0.131048 0.079385
0 0.320733 0.692414 0.069556 0.046623
0 0.432964 0.718624 0.042003 0.018397
0 0.623152 0.709173 0.044691 0.023185
0 0.695060 0.693422 0.068884 0.041079
0 0.566364 0.397051 0.092406 0.044103
0 0.823085 0.632308 0.046035 0.020665
0 0.833165 0.596396 0.082997 0.043599
0 0.901210 0.396043 0.046371 0.041079
1 0.873992 0.300277 0.047043 0.042087
1 0.879032 0.335938 0.023522 0.030242
1 0.907930 0.423135 0.032930 0.032258