0 0.822245 0.295615 0.031586 0.042843
0 0.855175 0.393397 0.051747 0.049899
0 0.669355 0.681452 0.045699 0.031250
0 0.686156 0.696573 0.044355 0.022177
0 0.738911 0.676159 0.034274 0.028730
1 0.876344 0.442792 0.038978 0.037802
1 0.193884 0.623992 0.040995 0.032258
1 0.378024 0.676411 0.030242 0.038306
1 0.458333 0.737651 0.084677 0.025706
1 0.555108 0.748992 0.053763 0.010081
1 0.600134 0.731855 0.034946 0.030242
1 0.573253 0.736139 0.020161 0.015625
1 0.736223 0.701361 0.039651 0.018649
1 0.759745 0.271673 0.022177 0.015121
1 0.793347 0.309980 0.027554 0.013105
1 0.687836 0.539315 0.023522 0.015121
1 0.587702 0.715726 0.015457 0.021169
1 0.869288 0.537298 0.011425 0.020161
1 0.203629 0.607359 0.030914 0.007056
