0 0.155578 0.602319 0.069220 0.063508
0 0.128360 0.651966 0.028226 0.036794
0 0.282258 0.734123 0.048387 0.028730
0 0.218750 0.718750 0.058468 0.033266
0 0.929435 0.468750 0.043011 0.049395
0 0.861895 0.311492 0.047715 0.030242
0 0.821573 0.317792 0.046371 0.026714
0 0.419019 0.201361 0.062500 0.039819
0 0.339382 0.218498 0.045699 0.025706
0 0.858535 0.479335 0.024866 0.019153
0 0.097110 0.527722 0.047715 0.022177
0 0.087366 0.543095 0.034946 0.029738
0 0.106519 0.497732 0.065188 0.035786
0 0.137433 0.351562 0.027554 0.033770
0 0.529234 0.224294 0.030242 0.028226
0 0.653226 0.205393 0.034946 0.035786
1 0.493280 0.539819 0.026882 0.031250
1 0.428427 0.461190 0.035618 0.028226
1 0.388105 0.416583 0.049059 0.027722
1 0.434140 0.811240 0.065860 0.010585
1 0.526546 0.815776 0.059812 0.017641
1 0.582997 0.812500 0.045027 0.007056
1 0.921371 0.542087 0.024194 0.037802
1 0.936828 0.431200 0.016129 0.048891
1 0.096774 0.458417 0.033602 0.053931
1 0.084677 0.450857 0.009409 0.037802
2 0.582997 0.200101 0.062500 0.047379
