0 0.219926 0.644279 0.069556 0.049647
0 0.440020 0.683090 0.049395 0.036542
0 0.473622 0.733367 0.071573 0.032762
0 0.686156 0.702243 0.073253 0.032006
0 0.536290 0.516129 0.020161 0.037802
0 0.832829 0.555822 0.042003 0.031502
0 0.678931 0.478201 0.048723 0.036542
0 0.871304 0.431704 0.033602 0.045363
0 0.830141 0.397303 0.035282 0.032006
0 0.855343 0.389491 0.045363 0.026462
0 0.692036 0.340978 0.076277 0.027722
0 0.303427 0.262727 0.040323 0.056704
0 0.222782 0.372732 0.050403 0.038306
1 0.823925 0.355469 0.049731 0.039062
1 0.844926 0.425025 0.014449 0.030998
