0 0.295531 0.597026 0.051411 0.039819
0 0.195565 0.641381 0.044355 0.047883
0 0.610887 0.757686 0.050403 0.030998
0 0.763441 0.706905 0.054435 0.037802
0 0.760081 0.674143 0.047715 0.030242
0 0.792003 0.677293 0.032930 0.036542
0 0.704133 0.549143 0.048723 0.058468
0 0.594926 0.612777 0.055444 0.042087
0 0.171539 0.406502 0.048723 0.045363
0 0.497648 0.316658 0.053763 0.036038
0 0.639449 0.269027 0.053763 0.044103
0 0.478663 0.551663 0.024530 0.034778
0 0.361559 0.739415 0.050403 0.043347
1 0.813340 0.639239 0.018481 0.051159
1 0.752184 0.694430 0.031922 0.016381
