0 0.193044 0.521421 0.059476 0.048387
0 0.563004 0.687122 0.045363 0.042087
0 0.657594 0.648438 0.061156 0.047883
0 0.778058 0.611517 0.068884 0.038558
0 0.567204 0.443674 0.036962 0.028982
0 0.725638 0.356351 0.052755 0.030746
0 0.859711 0.283896 0.038642 0.043599
0 0.796203 0.250882 0.039315 0.031502
0 0.673555 0.200353 0.041331 0.052923
0 0.244288 0.276084 0.053091 0.046623
0 0.162802 0.387475 0.054772 0.039062
0 0.786626 0.227823 0.050403 0.017137
0 0.860887 0.379032 0.039651 0.037298
1 0.742776 0.204763 0.065524 0.031502
1 0.827285 0.267515 0.017473 0.039567
