0 0.274194 0.755544 0.040323 0.029234
0 0.386761 0.786038 0.090726 0.054940
0 0.742608 0.716734 0.091398 0.057460
0 0.836358 0.453125 0.028898 0.046371
0 0.867608 0.488659 0.041667 0.039819
0 0.673387 0.229335 0.030914 0.028226
1 0.827285 0.689012 0.009409 0.029234
1 0.860887 0.635837 0.020161 0.022681
1 0.882728 0.538810 0.031586 0.011089
1 0.829301 0.376260 0.052419 0.010585
1 0.621976 0.159778 0.018145 0.033266
1 0.566532 0.275958 0.029570 0.063004
1 0.424059 0.448085 0.040323 0.020161
1 0.116935 0.437500 0.071237 0.013105
1 0.103159 0.472782 0.020833 0.053427
1 0.088038 0.517137 0.022849 0.026210
