0 0.352319 0.310988 0.082325 0.035786
0 0.334509 0.180822 0.048723 0.021421
0 0.722278 0.340222 0.069556 0.042843
0 0.941028 0.495338 0.058804 0.069304
0 0.755376 0.731225 0.060484 0.036038
1 0.441700 0.154738 0.076277 0.020665
1 0.080477 0.506552 0.021169 0.055444
1 0.166163 0.665071 0.037970 0.062500
1 0.142137 0.667213 0.030242 0.044103
1 0.427419 0.777848 0.054435 0.026966
1 0.583333 0.781376 0.060484 0.021421
1 0.892809 0.332031 0.020833 0.046623
1 0.389281 0.775580 0.035282 0.013861
1 0.516969 0.787928 0.042003 0.011845
1 0.931452 0.431956 0.017473 0.027218
