0 0.243196 0.470598 0.025202 0.070228
0 0.532636 0.819052 0.046623 0.070228
0 0.413936 0.870464 0.047127 0.038642
0 0.528478 0.572581 0.041331 0.025538
0 0.666709 0.421707 0.033518 0.039651
0 0.274572 0.166835 0.036038 0.040659
0 0.573463 0.298723 0.032006 0.037634
0 0.479587 0.832157 0.038306 0.056116
1 0.684602 0.475806 0.011341 0.045699
1 0.526966 0.771001 0.039819 0.013105
1 0.389491 0.446741 0.025958 0.060820
1 0.278352 0.406922 0.012853 0.063172
1 0.187500 0.343918 0.014617 0.044691
1 0.174143 0.365759 0.012097 0.058132
1 0.185232 0.515961 0.029738 0.026546
1 0.307712 0.261929 0.010585 0.048051
1 0.325353 0.290323 0.019657 0.035618
1 0.320312 0.413138 0.034274 0.014449
1 0.316154 0.398858 0.024446 0.010081
1 0.366557 0.384577 0.032006 0.042675
1 0.661038 0.647345 0.028226 0.030578
1 0.577369 0.262433 0.033770 0.010081
1 0.189012 0.271673 0.013105 0.044691
2 0.256300 0.808636 0.081653 0.066196
