0 0.713405 0.822574 0.073191 0.052220
0 0.767475 0.639391 0.051398 0.055099
0 0.314556 0.503289 0.074013 0.059211
0 0.477796 0.563322 0.073191 0.077303
0 0.183388 0.774877 0.078125 0.069490
0 0.887336 0.583676 0.050164 0.048109
1 0.649054 0.386308 0.019326 0.052220
1 0.475123 0.491571 0.020148 0.076069
1 0.077919 0.504112 0.042352 0.045230
1 0.252467 0.179276 0.018092 0.049342
1 0.356291 0.185650 0.015214 0.056332
1 0.678660 0.217311 0.052220 0.039062
1 0.827714 0.385896 0.050987 0.016859
1 0.526727 0.116160 0.050987 0.025082
1 0.774877 0.165296 0.052220 0.023026
1 0.543791 0.633018 0.033306 0.052220
1 0.642064 0.726357 0.030839 0.057977
1 0.442434 0.244038 0.041118 0.030016
1 0.883840 0.461965 0.033306 0.043174
2 0.467722 0.371299 0.034951 0.078125
2 0.612870 0.532072 0.071135 0.055099
2 0.253906 0.839638 0.039062 0.062500
2 0.333676 0.918997 0.104030 0.064145
