0 0.606855 0.222530 0.073925 0.056956
0 0.264113 0.285282 0.049731 0.035282
0 0.255712 0.326613 0.046371 0.036290
0 0.877016 0.395413 0.071237 0.064012
0 0.915995 0.492440 0.030914 0.033266
0 0.094422 0.551915 0.027554 0.020161
1 0.171035 0.376512 0.032930 0.029234
1 0.051411 0.625756 0.035618 0.022681
1 0.094422 0.580393 0.027554 0.034778
1 0.220766 0.586694 0.065188 0.027218
1 0.651546 0.769657 0.050403 0.049395
1 0.696573 0.755040 0.063844 0.040323
1 0.757056 0.739415 0.043683 0.007056
1 0.517473 0.192036 0.032258 0.013105
1 0.832661 0.671875 0.016129 0.027218
1 0.705981 0.268145 0.016801 0.024194
