0 0.504410 0.477487 0.057208 0.069892
0 0.428175 0.629704 0.030746 0.057796
0 0.525958 0.765961 0.060484 0.087702
0 0.589340 0.782762 0.042591 0.057460
0 0.679183 0.232191 0.037802 0.058468
0 0.528352 0.273353 0.030494 0.054099
0 0.413306 0.039987 0.045867 0.039651
0 0.290197 0.129200 0.037046 0.041331
0 0.172505 0.306956 0.032510 0.039987
1 0.672883 0.651882 0.031754 0.055780
1 0.677167 0.545195 0.020665 0.031922
1 0.719380 0.449765 0.027974 0.044019
1 0.741179 0.437836 0.029234 0.045027
1 0.729209 0.368784 0.023942 0.054099
1 0.713710 0.241095 0.014113 0.054772
1 0.319808 0.077621 0.029738 0.019489
1 0.486517 0.325941 0.009325 0.044355
1 0.474546 0.350302 0.025202 0.032594
1 0.234501 0.167171 0.038558 0.043347
1 0.248488 0.206653 0.027722 0.058468
1 0.166835 0.342238 0.022681 0.043347
1 0.146295 0.479335 0.007812 0.034610
1 0.153352 0.528898 0.021925 0.061156
1 0.184854 0.565188 0.041079 0.018817
1 0.234879 0.719926 0.041835 0.018481
1 0.330645 0.121808 0.006552 0.031922
1 0.529612 0.823757 0.027974 0.015793
2 0.210559 0.223454 0.045111 0.063844
