0 0.395665 0.517767 0.077621 0.078377
0 0.213374 0.478201 0.035618 0.051159
0 0.046707 0.372354 0.044355 0.052671
0 0.249328 0.184098 0.063172 0.049143
0 0.849798 0.411542 0.029570 0.038810
0 0.069724 0.629032 0.059476 0.041835
0 0.710181 0.668725 0.044019 0.033014
0 0.170027 0.200605 0.058468 0.021673
0 0.078461 0.296119 0.061492 0.016633
0 0.411626 0.381426 0.069220 0.056200
1 0.762097 0.592742 0.028898 0.052419
1 0.745800 0.678427 0.074933 0.022177
1 0.526882 0.756174 0.065188 0.019405
1 0.588710 0.737777 0.033602 0.047631
1 0.594926 0.701109 0.042003 0.028730
1 0.330981 0.766255 0.038306 0.019405
1 0.303931 0.487903 0.048051 0.021673
1 0.412970 0.149572 0.049059 0.044607
1 0.523522 0.151336 0.031586 0.034022
1 0.640121 0.607107 0.011425 0.033770
2 0.657930 0.701613 0.056452 0.058468
