0 0.779906 0.317288 0.047043 0.058468
0 0.892809 0.360761 0.034274 0.038558
0 0.149026 0.691532 0.038642 0.043347
0 0.498824 0.821321 0.095094 0.039819
0 0.722278 0.667591 0.064852 0.045867
1 0.413138 0.185610 0.072917 0.015877
1 0.208165 0.260963 0.082997 0.021421
1 0.212870 0.247606 0.058804 0.013861
1 0.081653 0.443044 0.030242 0.045363
1 0.072413 0.527722 0.018481 0.032258
1 0.086862 0.583795 0.025202 0.047127
1 0.581149 0.810358 0.035954 0.013861
1 0.711694 0.778478 0.053763 0.019657
1 0.082493 0.414315 0.018481 0.028226
1 0.933636 0.437248 0.021841 0.057964
