0 0.140793 0.640121 0.070565 0.038810
0 0.128360 0.502394 0.079301 0.032006
0 0.112063 0.554057 0.056116 0.056200
0 0.489919 0.548513 0.033602 0.038558
0 0.263273 0.764365 0.076277 0.025202
0 0.721270 0.798135 0.093078 0.045363
0 0.846102 0.345010 0.051747 0.045363
0 0.618280 0.444808 0.057124 0.034274
1 0.669355 0.601815 0.043011 0.056452
1 0.644489 0.634829 0.034946 0.017641
1 0.371304 0.843750 0.012769 0.027218
1 0.451949 0.742440 0.027554 0.032258
1 0.549731 0.787046 0.048387 0.017641
1 0.870632 0.680192 0.030242 0.057964
1 0.367272 0.212954 0.023522 0.036794
1 0.565860 0.207661 0.053763 0.021169
1 0.940524 0.543347 0.042339 0.009073
