0 0.805108 0.578125 0.106183 0.085685
0 0.920027 0.446573 0.026882 0.038306
0 0.913978 0.386089 0.028226 0.038306
0 0.756720 0.209173 0.038978 0.023185
0 0.654570 0.169355 0.041667 0.024194
0 0.331317 0.187500 0.040323 0.032258
0 0.351478 0.310988 0.056452 0.063508
0 0.160618 0.339718 0.064516 0.030242
0 0.375672 0.719758 0.043011 0.038306
0 0.553091 0.737399 0.088710 0.045363
0 0.771505 0.668347 0.081989 0.036290
0 0.461694 0.459677 0.072581 0.048387
0 0.561828 0.457661 0.068548 0.058468
1 0.431452 0.157258 0.071237 0.034274
1 0.371640 0.575605 0.032258 0.048387
