0 0.544859 0.441868 0.038306 0.042339
0 0.682838 0.610215 0.038558 0.067876
0 0.174143 0.365423 0.027722 0.048723
0 0.579385 0.217070 0.027722 0.053091
0 0.315020 0.609039 0.041835 0.065524
0 0.201361 0.570060 0.025202 0.044019
0 0.463584 0.196069 0.024446 0.046035
0 0.626512 0.743784 0.042339 0.054099
1 0.696069 0.359879 0.014617 0.050403
1 0.625252 0.210517 0.025202 0.037970
1 0.659400 0.575269 0.028478 0.036962
1 0.300781 0.532930 0.041079 0.036962
1 0.396673 0.461358 0.016633 0.058468
1 0.349672 0.434812 0.043095 0.014113
1 0.305444 0.663306 0.027722 0.034274
1 0.200731 0.597446 0.041079 0.035618
1 0.173513 0.557124 0.028982 0.016801
1 0.170111 0.581989 0.014617 0.039651
1 0.158896 0.514617 0.022429 0.037970
1 0.209929 0.356855 0.025202 0.024866
1 0.255418 0.407258 0.034022 0.024866
1 0.298513 0.412634 0.029990 0.010753
1 0.332031 0.498320 0.022429 0.028226
1 0.320691 0.490759 0.027974 0.029234
2 0.473286 0.844590 0.077117 0.091062
