0 0.100806 0.636593 0.055108 0.029234
0 0.227151 0.751512 0.041667 0.037298
0 0.506720 0.644657 0.090054 0.059476
0 0.215054 0.488407 0.047043 0.017137
0 0.317876 0.287298 0.051075 0.036290
0 0.744624 0.568044 0.076613 0.037298
0 0.787634 0.473286 0.092742 0.031250
1 0.092574 0.522051 0.018481 0.046119
1 0.655074 0.281376 0.037970 0.018397
1 0.764617 0.331149 0.035282 0.033266
1 0.871808 0.532132 0.012433 0.039567
1 0.826445 0.644027 0.039315 0.008821
1 0.848286 0.649320 0.012433 0.023438
1 0.813004 0.682334 0.019153 0.046623
1 0.682796 0.791709 0.051075 0.023438
2 0.576949 0.260963 0.094758 0.039062
