0 0.388273 0.534652 0.037970 0.043599
0 0.529738 0.569934 0.045363 0.023438
0 0.370128 0.295615 0.072245 0.047883
0 0.378192 0.370212 0.054772 0.072581
0 0.573589 0.354713 0.070565 0.054183
0 0.858199 0.461820 0.036962 0.039062
0 0.810820 0.556704 0.049731 0.030746
1 0.689012 0.648059 0.044691 0.049647
1 0.079637 0.468750 0.016801 0.030242
1 0.071573 0.387475 0.020833 0.036542
1 0.663810 0.177419 0.044691 0.033266
1 0.249664 0.207913 0.017473 0.042843
1 0.427251 0.137475 0.042003 0.039062
1 0.385417 0.163558 0.030242 0.022177
1 0.372816 0.138987 0.058804 0.018397
2 0.132897 0.568044 0.071573 0.060988
