0 0.125672 0.454637 0.069892 0.108871
0 0.154570 0.539315 0.060484 0.052419
0 0.207661 0.616935 0.029570 0.024194
0 0.348790 0.697581 0.040323 0.024194
0 0.584509 0.728075 0.042675 0.028226
0 0.628528 0.705015 0.072245 0.039062
0 0.903226 0.491809 0.023522 0.046119
0 0.140457 0.369582 0.040323 0.032006
0 0.328293 0.177797 0.069892 0.044103
0 0.592070 0.145539 0.090054 0.051663
0 0.739079 0.193800 0.044691 0.044859
0 0.581989 0.427797 0.059812 0.061744
0 0.846942 0.579637 0.065524 0.045363
1 0.460517 0.721774 0.075605 0.020665
1 0.826949 0.606477 0.016801 0.038558
