0 0.174059 0.519153 0.067204 0.035282
0 0.178427 0.566154 0.067204 0.051159
0 0.211862 0.645539 0.038642 0.032006
0 0.273353 0.701865 0.052083 0.040323
0 0.335853 0.741053 0.049395 0.034022
0 0.365759 0.770035 0.042003 0.031502
0 0.540323 0.786038 0.043683 0.028226
0 0.702453 0.759829 0.021841 0.032762
0 0.654234 0.504410 0.046371 0.032006
0 0.844086 0.382812 0.054435 0.033266
0 0.652050 0.279864 0.052083 0.044103
0 0.410618 0.425403 0.054435 0.055444
0 0.257224 0.329259 0.055444 0.041079
0 0.209341 0.367061 0.053763 0.049647
0 0.179099 0.430948 0.043683 0.040323
0 0.889449 0.544481 0.061156 0.049143
1 0.888105 0.505418 0.020161 0.041583
1 0.375336 0.262727 0.049731 0.021421
