0 0.125672 0.519657 0.037634 0.032258
0 0.431116 0.785786 0.057124 0.025202
0 0.611895 0.771925 0.035618 0.037802
0 0.797379 0.730847 0.066532 0.048387
0 0.833333 0.690020 0.044355 0.050403
0 0.805780 0.699597 0.017473 0.043347
0 0.827285 0.300655 0.055108 0.036794
0 0.268145 0.433720 0.051075 0.033770
1 0.113575 0.598034 0.029570 0.008569
1 0.245632 0.743448 0.019489 0.028226
1 0.294019 0.742188 0.074597 0.019657
1 0.503024 0.549647 0.010081 0.020665
1 0.398522 0.655494 0.030914 0.014617
1 0.519153 0.814516 0.022177 0.036290
1 0.581317 0.624748 0.033602 0.014617
1 0.650202 0.798891 0.042339 0.013105
1 0.725470 0.758821 0.053091 0.015625
1 0.738575 0.601310 0.025538 0.014113
1 0.876008 0.573589 0.039651 0.038306
1 0.652218 0.206905 0.062500 0.027722
1 0.510753 0.177923 0.051075 0.015121
1 0.406586 0.358619 0.052419 0.010585
1 0.302755 0.408770 0.012769 0.050403
1 0.101478 0.461190 0.051075 0.034274
