0 0.166667 0.571069 0.076613 0.053427
0 0.300403 0.725554 0.077957 0.056956
0 0.490591 0.766129 0.059140 0.045363
0 0.563844 0.786038 0.044355 0.025706
0 0.851815 0.615423 0.065188 0.035282
0 0.589382 0.486895 0.069892 0.038306
0 0.170363 0.443044 0.045027 0.044355
0 0.310820 0.366431 0.090726 0.055444
0 0.444220 0.379032 0.043011 0.032258
0 0.270161 0.316784 0.033602 0.026714
0 0.391129 0.259577 0.060484 0.036290
0 0.512097 0.294355 0.064516 0.040323
0 0.655914 0.271169 0.040323 0.031250
1 0.171707 0.514365 0.028898 0.024698
1 0.450605 0.595010 0.039651 0.012601
1 0.423723 0.752268 0.065188 0.009577
1 0.558804 0.762853 0.067876 0.016633
1 0.743616 0.608871 0.030242 0.047379
1 0.577957 0.240927 0.009409 0.024194
1 0.578965 0.437752 0.054435 0.019657
1 0.701277 0.390121 0.024866 0.015121
2 0.243616 0.704637 0.038306 0.040323
