0 0.242608 0.216860 0.063172 0.031502
0 0.129536 0.329889 0.065524 0.062500
0 0.502688 0.387223 0.090726 0.041079
0 0.140625 0.540323 0.042003 0.060988
0 0.354839 0.701613 0.040323 0.033266
0 0.590726 0.719632 0.070565 0.044103
0 0.468918 0.721144 0.149530 0.047127
0 0.709677 0.682082 0.036290 0.023438
0 0.847110 0.586694 0.033602 0.027722
0 0.862063 0.550403 0.042003 0.054940
0 0.905914 0.436366 0.030242 0.029486
0 0.882728 0.396043 0.059812 0.052167
0 0.762097 0.208669 0.047043 0.050403
1 0.581989 0.240801 0.026210 0.013861
1 0.661290 0.161668 0.057124 0.028478
1 0.153226 0.287046 0.026882 0.019657
