0 0.102151 0.459173 0.055108 0.037298
0 0.350134 0.734375 0.051075 0.034274
0 0.708669 0.750756 0.054435 0.044859
0 0.739583 0.684224 0.050403 0.024698
0 0.824597 0.625504 0.048387 0.026210
0 0.907930 0.363659 0.030914 0.031754
0 0.905242 0.335685 0.051075 0.036290
0 0.544355 0.145413 0.069892 0.035786
0 0.452621 0.147933 0.030242 0.048891
1 0.153226 0.594254 0.033602 0.049395
1 0.227823 0.687248 0.045699 0.023690
1 0.471438 0.605343 0.039651 0.032258
1 0.592742 0.620716 0.052419 0.033770
1 0.787298 0.686492 0.022177 0.043347
1 0.942204 0.416331 0.028226 0.045363
1 0.757728 0.200857 0.010081 0.033770
1 0.654234 0.158014 0.043683 0.011593
1 0.606183 0.153982 0.043011 0.023690
1 0.477823 0.151210 0.043011 0.028226
1 0.265457 0.211946 0.040323 0.038810
1 0.572245 0.415575 0.023522 0.014617
1 0.618280 0.307964 0.033602 0.013105
