0 0.131216 0.511593 0.031922 0.035282
0 0.124160 0.553553 0.061492 0.047127
0 0.156586 0.588206 0.053763 0.023185
0 0.190524 0.625378 0.051075 0.051159
0 0.237231 0.674899 0.073925 0.047883
0 0.574429 0.742566 0.051411 0.037046
0 0.728663 0.669859 0.068884 0.050403
0 0.825941 0.564894 0.053763 0.030998
0 0.860383 0.509451 0.048723 0.029486
0 0.224966 0.316028 0.058132 0.044859
0 0.451781 0.239793 0.042675 0.056200
0 0.638273 0.240045 0.072917 0.026462
0 0.745296 0.292969 0.053763 0.031502
0 0.817204 0.395791 0.027554 0.034022
0 0.872144 0.471018 0.031922 0.049899
0 0.842910 0.413054 0.021841 0.028226
1 0.847446 0.534652 0.044355 0.029486
1 0.804940 0.350428 0.035282 0.046623
