0 0.435316 0.795489 0.045363 0.061240
0 0.527722 0.824723 0.068884 0.036542
0 0.670195 0.777470 0.058132 0.052923
0 0.717238 0.759577 0.035954 0.055948
0 0.890625 0.416205 0.058804 0.069808
0 0.344254 0.228453 0.039315 0.041079
0 0.247648 0.252142 0.063172 0.036542
0 0.381720 0.205393 0.040323 0.022681
1 0.419355 0.205519 0.047043 0.028982
1 0.723118 0.244456 0.067876 0.017641
1 0.738575 0.266003 0.070565 0.023942
1 0.099798 0.620338 0.044355 0.033518
1 0.839886 0.489289 0.022513 0.033518
1 0.904570 0.549395 0.017473 0.037802
1 0.907090 0.630796 0.039315 0.012601
1 0.837702 0.390121 0.040323 0.010081
1 0.513105 0.492061 0.027554 0.036542
