0 0.155914 0.318800 0.086022 0.044859
0 0.070565 0.459929 0.030914 0.034778
0 0.113911 0.471774 0.039651 0.031250
0 0.264449 0.690020 0.039651 0.026210
0 0.336022 0.774446 0.065860 0.035786
0 0.661626 0.776462 0.043683 0.028730
0 0.793011 0.716482 0.072581 0.036794
0 0.838038 0.678175 0.041667 0.039819
0 0.854167 0.644153 0.076613 0.044355
0 0.534610 0.606855 0.055780 0.018145
0 0.879368 0.574093 0.043683 0.067540
0 0.944220 0.534526 0.043011 0.034778
0 0.925067 0.450605 0.058468 0.035282
0 0.919019 0.426411 0.053091 0.021169
0 0.540995 0.552671 0.020161 0.030746
0 0.113239 0.473286 0.038306 0.025202
1 0.230175 0.260585 0.042339 0.018145
1 0.389113 0.780242 0.043011 0.026210
1 0.716398 0.769153 0.022849 0.012097
1 0.740591 0.765121 0.018817 0.014113
1 0.784946 0.731099 0.028226 0.031754
1 0.689516 0.667843 0.028226 0.021169
1 0.876344 0.680192 0.038978 0.036794
1 0.558804 0.462450 0.043683 0.016633
1 0.842742 0.290827 0.051075 0.037298
1 0.777218 0.237903 0.051747 0.033266
2 0.193212 0.676915 0.063844 0.048387