0 0.708669 0.719506 0.081317 0.064012
0 0.900202 0.500000 0.078629 0.058468
0 0.718414 0.253276 0.052419 0.032762
0 0.777890 0.255544 0.051747 0.033266
0 0.399194 0.167087 0.028226 0.025706
0 0.576949 0.750504 0.035618 0.031250
1 0.182124 0.594254 0.061828 0.043347
1 0.204301 0.627772 0.055108 0.037802
1 0.365591 0.254788 0.048387 0.058972
1 0.645497 0.195565 0.035618 0.028226
1 0.235551 0.669355 0.012769 0.029234
1 0.856183 0.573589 0.041667 0.010081
1 0.903562 0.372228 0.011425 0.026714
1 0.297715 0.137097 0.029570 0.030242
1 0.576949 0.204637 0.022177 0.022177
1 0.359543 0.167339 0.040323 0.021169
