0 0.590726 0.385585 0.077957 0.053427
0 0.639113 0.567036 0.067204 0.063508
0 0.573925 0.786794 0.030914 0.043347
0 0.401882 0.795363 0.044355 0.042339
0 0.269489 0.451613 0.053763 0.028226
0 0.689516 0.389617 0.057796 0.053427
0 0.323589 0.603579 0.036962 0.030242
1 0.254368 0.723412 0.049731 0.036542
1 0.367776 0.242692 0.044691 0.017641
1 0.469926 0.218372 0.052083 0.010837
1 0.755544 0.288558 0.048723 0.025202
1 0.725974 0.263483 0.038642 0.018901
1 0.867608 0.373740 0.019489 0.020161
1 0.877688 0.415575 0.053091 0.029738
1 0.846942 0.386215 0.025202 0.021421
1 0.902386 0.570312 0.025202 0.037802
2 0.274194 0.283644 0.070565 0.061744
