0 0.450437 0.162928 0.139449 0.058720
0 0.569724 0.170867 0.038642 0.030242
0 0.230343 0.236643 0.031922 0.018145
0 0.137937 0.333921 0.031922 0.030242
0 0.105175 0.517389 0.040323 0.030242
0 0.139281 0.551033 0.049395 0.052167
0 0.516129 0.498110 0.077285 0.047127
0 0.324093 0.706653 0.042675 0.048387
0 0.847782 0.593246 0.057124 0.030746
0 0.901210 0.472278 0.069892 0.068548
0 0.828461 0.289945 0.048723 0.056704
0 0.342070 0.193800 0.073925 0.044859
1 0.105679 0.445439 0.025874 0.054183
1 0.395161 0.723916 0.036962 0.013861
1 0.434476 0.738407 0.063844 0.015121
