0 0.583669 0.780998 0.053091 0.024698
0 0.873152 0.621598 0.031922 0.029486
0 0.904570 0.558846 0.034274 0.028982
0 0.792843 0.285534 0.052755 0.025202
0 0.718918 0.301789 0.086358 0.041583
0 0.127184 0.436366 0.048723 0.033518
0 0.131216 0.556452 0.065524 0.065524
0 0.251008 0.703125 0.046371 0.060484
0 0.610551 0.211820 0.043011 0.039062
0 0.486559 0.447707 0.063844 0.058720
0 0.503360 0.518901 0.080645 0.047379
0 0.372816 0.712702 0.108535 0.083165
0 0.518145 0.339970 0.016129 0.017137
1 0.223790 0.333669 0.040323 0.038306
1 0.652050 0.220514 0.038642 0.012601
