0 0.584005 0.813760 0.067204 0.029738
0 0.785282 0.753528 0.042339 0.029234
0 0.783266 0.720766 0.045027 0.027218
0 0.921707 0.597278 0.047715 0.023185
0 0.890793 0.505292 0.040995 0.021673
0 0.920699 0.423891 0.053763 0.049395
0 0.703293 0.219506 0.039651 0.020665
0 0.501680 0.199597 0.050403 0.050403
0 0.438508 0.192540 0.032930 0.026210
0 0.467406 0.191784 0.019489 0.035786
0 0.296707 0.229587 0.046371 0.020665
0 0.211358 0.298135 0.045027 0.044859
0 0.179435 0.351562 0.047043 0.024698
0 0.366263 0.245212 0.081989 0.050907
0 0.562500 0.761341 0.024194 0.019657
0 0.622984 0.408014 0.045699 0.035786
1 0.466062 0.491683 0.040995 0.020665
1 0.569220 0.438760 0.033602 0.029738
1 0.493280 0.808972 0.052419 0.016129
1 0.647513 0.814264 0.058468 0.018649
1 0.646505 0.797379 0.036290 0.022177
1 0.861559 0.315020 0.020161 0.037298
1 0.100134 0.458669 0.016129 0.048387
1 0.099798 0.527722 0.018145 0.044355
1 0.105847 0.573337 0.011425 0.033770
1 0.298387 0.765877 0.034946 0.007560
2 0.925067 0.547379 0.063844 0.047379
