0 0.517473 0.396673 0.100806 0.059476
0 0.608199 0.296371 0.059140 0.036290
0 0.175403 0.564516 0.041667 0.038810
0 0.153058 0.409904 0.032594 0.042087
0 0.769321 0.186996 0.066196 0.032762
0 0.969590 0.392263 0.060820 0.032006
0 0.665155 0.462828 0.081653 0.052167
0 0.364919 0.175529 0.061828 0.042087
0 0.452453 0.761089 0.052755 0.013609
1 0.855175 0.678805 0.013441 0.028478
1 0.943044 0.557838 0.048051 0.042087
1 0.874664 0.273438 0.048387 0.034274
1 0.960349 0.351184 0.026882 0.042087
1 0.938508 0.296119 0.018817 0.027722
1 0.783266 0.160030 0.047043 0.037802
1 0.126176 0.438508 0.046035 0.028730
1 0.203965 0.500252 0.053763 0.021169
1 0.228159 0.599042 0.043683 0.020161
1 0.196237 0.623740 0.047043 0.037802
1 0.275538 0.656502 0.067204 0.019153
2 0.141129 0.487399 0.057796 0.063508
