0 0.385753 0.817540 0.047043 0.027218
0 0.792003 0.561492 0.071237 0.050403
0 0.831149 0.525832 0.042003 0.036038
0 0.802923 0.519909 0.035954 0.030242
0 0.814684 0.499118 0.046035 0.031502
0 0.804267 0.480469 0.025202 0.028478
0 0.688172 0.348160 0.053763 0.039567
0 0.645833 0.314768 0.051075 0.030746
0 0.455645 0.297379 0.043683 0.055444
0 0.297715 0.301915 0.070565 0.042843
0 0.521505 0.296749 0.073253 0.028982
0 0.102319 0.549143 0.052755 0.040827
0 0.105679 0.572203 0.081653 0.039062
0 0.170363 0.719002 0.056452 0.037802
0 0.311156 0.813130 0.053763 0.042087
0 0.278394 0.799899 0.025202 0.038306
1 0.718918 0.745086 0.041331 0.030998
1 0.785282 0.439768 0.036290 0.047883
