0 0.149194 0.555444 0.029570 0.034274
0 0.182124 0.572077 0.037634 0.036290
0 0.154906 0.617440 0.026210 0.032258
0 0.193548 0.647933 0.026882 0.030746
0 0.544355 0.770161 0.071237 0.035282
0 0.716398 0.711442 0.041667 0.045867
1 0.363575 0.242188 0.048387 0.018649
1 0.235887 0.367440 0.044355 0.027218
1 0.172379 0.386341 0.035618 0.058972
1 0.138105 0.469254 0.014113 0.034274
1 0.143481 0.513609 0.039651 0.036290
1 0.168011 0.520665 0.020161 0.024194
1 0.666667 0.740171 0.014785 0.025706
1 0.479503 0.774950 0.055780 0.023690
1 0.380712 0.621724 0.020833 0.016633
1 0.143481 0.496976 0.018145 0.016129
1 0.242272 0.691280 0.011425 0.023690
1 0.349126 0.746220 0.031586 0.008569
1 0.347782 0.755796 0.024866 0.008569
1 0.378024 0.256552 0.011425 0.023185
