0 0.804099 0.292087 0.084005 0.047883
0 0.673387 0.206401 0.061828 0.039819
0 0.418011 0.165323 0.044355 0.030242
0 0.292003 0.210181 0.051747 0.045363
0 0.413306 0.416583 0.067204 0.029738
0 0.207325 0.595766 0.042339 0.029234
0 0.473454 0.559224 0.047715 0.024698
0 0.359879 0.658770 0.067876 0.036290
0 0.357191 0.692792 0.045027 0.039819
0 0.456653 0.700857 0.057124 0.042843
0 0.596102 0.652218 0.081989 0.071573
0 0.830645 0.534526 0.086022 0.045867
0 0.778562 0.599546 0.061156 0.041835
1 0.618616 0.190272 0.065188 0.014617
1 0.595430 0.178427 0.047043 0.009073
1 0.330309 0.218750 0.053091 0.037298
1 0.375336 0.447581 0.030242 0.036290
1 0.177083 0.330645 0.038306 0.027218
1 0.168347 0.495968 0.027554 0.039315
1 0.720766 0.220514 0.081317 0.013609
1 0.593414 0.348538 0.033602 0.015625
2 0.474798 0.164819 0.023522 0.034274
