0 0.128024 0.611139 0.060484 0.072077
0 0.213710 0.264365 0.040323 0.053931
0 0.342070 0.212576 0.049059 0.049647
0 0.536794 0.196699 0.039315 0.061240
0 0.459509 0.172253 0.070901 0.038054
0 0.715894 0.740297 0.068884 0.019405
0 0.462534 0.485509 0.046035 0.020917
0 0.660282 0.756552 0.036290 0.037298
0 0.645833 0.780368 0.040323 0.014365
1 0.285282 0.750378 0.064516 0.026462
1 0.310652 0.706779 0.048051 0.043095
1 0.106351 0.447581 0.050067 0.023185
1 0.157090 0.514617 0.021169 0.031754
1 0.905578 0.375630 0.051075 0.033014
1 0.936660 0.518145 0.036626 0.040323
1 0.816700 0.699975 0.030578 0.023942
1 0.755880 0.723790 0.039315 0.023690
1 0.589718 0.775202 0.058468 0.010081
