0 0.464382 0.540071 0.077957 0.040323
0 0.436660 0.759325 0.051411 0.027722
0 0.438676 0.647807 0.065524 0.039062
0 0.288810 0.710811 0.052755 0.039062
0 0.188004 0.429435 0.061492 0.037298
0 0.348118 0.262223 0.040323 0.036542
0 0.490423 0.220892 0.061492 0.041079
0 0.846606 0.423513 0.046035 0.028982
0 0.785786 0.669481 0.048723 0.037046
0 0.822749 0.614289 0.048723 0.021421
0 0.695397 0.709173 0.037970 0.028226
0 0.652890 0.742566 0.070565 0.051159
0 0.575605 0.770917 0.060484 0.052419
0 0.523690 0.443296 0.045363 0.032258
0 0.811324 0.355469 0.014449 0.034022
0 0.282090 0.313508 0.054772 0.042339
1 0.865087 0.580897 0.064852 0.015121
1 0.192540 0.621598 0.026882 0.041079
