0 0.453293 0.732359 0.129704 0.034274
0 0.575941 0.717490 0.033602 0.024698
0 0.767809 0.548639 0.034274 0.027722
0 0.840726 0.637853 0.034946 0.031754
0 0.875000 0.614415 0.037634 0.037298
0 0.872648 0.354587 0.051747 0.023690
0 0.856855 0.318548 0.077957 0.070565
0 0.620296 0.173639 0.081989 0.041835
1 0.502016 0.755040 0.034946 0.007056
1 0.669691 0.748236 0.019489 0.020665
1 0.914651 0.546119 0.016129 0.026714
1 0.903898 0.413558 0.047043 0.023690
1 0.698253 0.210938 0.059140 0.025706
1 0.321909 0.344254 0.028226 0.030242
1 0.281250 0.343750 0.012769 0.026210
1 0.930108 0.480847 0.009409 0.021169
1 0.762769 0.684980 0.012097 0.023185
