0 0.403730 0.507812 0.096438 0.069556
0 0.369960 0.447329 0.058468 0.031250
0 0.362735 0.378402 0.064180 0.029486
0 0.340222 0.218372 0.068884 0.033518
0 0.405242 0.795867 0.043683 0.037802
0 0.677419 0.215852 0.057124 0.052167
1 0.319388 0.186870 0.060820 0.015877
1 0.483703 0.203377 0.061492 0.025202
1 0.844422 0.336442 0.065860 0.021169
1 0.544859 0.788810 0.049395 0.043851
1 0.470934 0.812374 0.071573 0.021925
1 0.466902 0.771547 0.039315 0.020917
1 0.268985 0.702243 0.037970 0.008317
1 0.331821 0.750630 0.045363 0.051159
1 0.226310 0.727067 0.037970 0.044355
1 0.249328 0.764365 0.063844 0.020161
1 0.779570 0.740549 0.043683 0.034526
0 0.563172 0.446069 0.068548 0.053427
1 0.099462 0.594254 0.020161 0.029234
