0 0.342070 0.515121 0.070565 0.044859
0 0.059476 0.596396 0.029570 0.034526
0 0.356519 0.343498 0.043683 0.060484
0 0.557292 0.170111 0.092406 0.047883
0 0.832661 0.314768 0.047043 0.039819
1 0.035114 0.534904 0.022513 0.056704
1 0.314852 0.184602 0.054435 0.011341
1 0.431620 0.164819 0.032594 0.013105
1 0.897009 0.467238 0.019153 0.054940
1 0.488239 0.799899 0.077285 0.015625
1 0.694220 0.752268 0.077285 0.032762
1 0.700773 0.768019 0.055444 0.021421
1 0.880208 0.565776 0.042675 0.035282
1 0.868448 0.597026 0.019153 0.028226
1 0.898353 0.512349 0.018481 0.030242
