0 0.313508 0.436492 0.034274 0.053091
0 0.182964 0.668179 0.037298 0.044019
0 0.465474 0.882560 0.029738 0.042675
0 0.575101 0.487399 0.042843 0.048723
0 0.643523 0.310316 0.052671 0.095766
0 0.660912 0.223286 0.045111 0.062164
0 0.306704 0.647849 0.031250 0.049731
0 0.412802 0.604671 0.031250 0.040659
0 0.468624 0.406922 0.049647 0.071237
0 0.234879 0.254368 0.037298 0.061156
0 0.301663 0.241599 0.041331 0.061828
0 0.394405 0.114247 0.037298 0.035618
1 0.324597 0.644321 0.018145 0.030578
1 0.425025 0.881552 0.043599 0.042675
1 0.576613 0.864751 0.030746 0.021169
1 0.611013 0.841398 0.032006 0.045699
1 0.620086 0.789483 0.018397 0.052083
1 0.717112 0.660618 0.009325 0.053091
1 0.544859 0.146337 0.034274 0.048723
1 0.444808 0.140793 0.013105 0.045699
1 0.447959 0.265625 0.011341 0.036626
1 0.385333 0.322581 0.023690 0.018145
1 0.392893 0.485383 0.019153 0.044691
1 0.366557 0.478327 0.032006 0.016465
2 0.427671 0.664651 0.045867 0.059140
