0 0.051915 0.408392 0.041331 0.044103
0 0.111559 0.624748 0.059812 0.075101
0 0.436660 0.567666 0.037970 0.059224
0 0.551243 0.514491 0.082325 0.038558
0 0.884409 0.579385 0.032930 0.034778
1 0.270665 0.741557 0.042003 0.036542
1 0.240087 0.720136 0.031250 0.016381
1 0.850806 0.633821 0.066532 0.050403
1 0.202621 0.226941 0.047043 0.039062
1 0.227151 0.223664 0.023522 0.028982
1 0.708837 0.232233 0.031250 0.057208
1 0.297547 0.194430 0.048723 0.020917
1 0.338710 0.173261 0.036962 0.016381
1 0.595430 0.173009 0.094758 0.014365
1 0.600134 0.156880 0.053763 0.016381
