0 0.613575 0.765877 0.053763 0.042339
0 0.755880 0.717364 0.037970 0.029486
0 0.799899 0.670111 0.038642 0.033266
0 0.681620 0.292087 0.055444 0.053427
0 0.657594 0.257182 0.047715 0.031502
0 0.625672 0.262727 0.036290 0.034022
0 0.600974 0.250126 0.042003 0.036542
0 0.386257 0.263735 0.061492 0.037046
0 0.295195 0.284778 0.045363 0.040323
0 0.216566 0.354461 0.035954 0.053679
0 0.199429 0.409274 0.058804 0.040827
0 0.134745 0.515751 0.060484 0.049647
0 0.396337 0.757056 0.052755 0.060988
0 0.367440 0.756426 0.052083 0.044607
1 0.851142 0.406124 0.020161 0.041079
1 0.513105 0.240801 0.066532 0.013861
