0 0.128024 0.615927 0.079973 0.065524
0 0.371304 0.814516 0.077285 0.058468
0 0.715726 0.782006 0.049731 0.035786
0 0.733535 0.743700 0.053091 0.032762
0 0.929099 0.535282 0.032930 0.020161
0 0.108871 0.519657 0.032258 0.034274
1 0.416331 0.270161 0.042339 0.050403
1 0.367272 0.279486 0.062500 0.033770
1 0.548723 0.472782 0.014113 0.033266
1 0.813172 0.488659 0.072581 0.021673
1 0.935484 0.505796 0.029570 0.033770
1 0.824597 0.702117 0.030914 0.033266
1 0.307460 0.289062 0.039651 0.008569
1 0.532258 0.847026 0.034946 0.007560
1 0.832661 0.652722 0.030914 0.012097
1 0.451277 0.849798 0.036962 0.012097
