0 0.528226 0.568044 0.056452 0.048387
0 0.135081 0.464466 0.083333 0.057964
0 0.436828 0.798135 0.072581 0.046875
0 0.295027 0.301915 0.080645 0.053427
0 0.443212 0.261845 0.063844 0.031754
0 0.610215 0.313004 0.069892 0.065524
0 0.797715 0.431704 0.052419 0.038810
0 0.625000 0.430444 0.051075 0.024194
0 0.766129 0.352823 0.044355 0.043347
0 0.717742 0.322833 0.041667 0.041835
0 0.670363 0.312248 0.051747 0.040827
0 0.303763 0.765121 0.045699 0.035282
0 0.150202 0.602067 0.059812 0.028730
1 0.133401 0.554940 0.023522 0.045363
1 0.408266 0.727823 0.054435 0.016129
1 0.586022 0.552671 0.055108 0.014617
1 0.162298 0.636341 0.047715 0.036794
1 0.379032 0.288054 0.012097 0.030746
1 0.771169 0.640373 0.018145 0.041835
1 0.620296 0.756048 0.017473 0.036290
1 0.151210 0.663558 0.051075 0.026714
2 0.898522 0.358115 0.037634 0.044859
