0 0.578503 0.257056 0.057712 0.056452
0 0.302167 0.297211 0.026714 0.048723
0 0.390751 0.386593 0.024446 0.060820
0 0.209047 0.324597 0.028478 0.048387
0 0.381174 0.690356 0.051663 0.051411
0 0.136719 0.727823 0.035030 0.045027
0 0.639995 0.433804 0.025958 0.065188
1 0.357863 0.747312 0.016129 0.050403
1 0.437122 0.161458 0.016381 0.037298
1 0.456023 0.128696 0.027974 0.014113
1 0.296497 0.123152 0.035030 0.029234
1 0.230595 0.516969 0.018649 0.044019
1 0.325983 0.541667 0.037046 0.049731
1 0.288684 0.555444 0.032510 0.064516
1 0.326361 0.607191 0.010081 0.044355
1 0.246472 0.620968 0.018649 0.050403
1 0.321699 0.650538 0.035030 0.036962
1 0.191406 0.660954 0.033014 0.014113
1 0.237777 0.834005 0.034526 0.020161
1 0.337324 0.796875 0.033014 0.043347
1 0.432460 0.705645 0.010081 0.045027
1 0.545615 0.280746 0.010585 0.054772
2 0.589970 0.670699 0.074093 0.081317
