0 0.377016 0.234123 0.040323 0.034778
0 0.289987 0.256804 0.045027 0.025706
0 0.122648 0.524446 0.040995 0.061996
0 0.393817 0.776210 0.069892 0.037298
0 0.905578 0.579133 0.054435 0.034274
0 0.464046 0.781754 0.051747 0.047379
1 0.343414 0.205141 0.022849 0.045363
1 0.127016 0.460433 0.053763 0.042843
1 0.184476 0.661290 0.014113 0.037298
1 0.508737 0.304688 0.061828 0.026714
1 0.621976 0.345010 0.024866 0.037802
1 0.922715 0.419355 0.018817 0.048387
1 0.635753 0.770161 0.057796 0.015121
1 0.337702 0.753528 0.035618 0.033266
1 0.444220 0.773942 0.043011 0.023690
1 0.401210 0.590978 0.034946 0.013609
1 0.254368 0.728075 0.043683 0.014617
1 0.883401 0.315776 0.036962 0.028730
1 0.455645 0.504788 0.025538 0.012601
1 0.208669 0.275202 0.011425 0.022177
1 0.940188 0.472278 0.010753 0.022177
1 0.247984 0.701865 0.037634 0.029738
