0 0.483871 0.440776 0.024194 0.031754
0 0.064852 0.558216 0.039651 0.050907
0 0.563844 0.512601 0.041667 0.025202
0 0.612231 0.553679 0.045699 0.028730
0 0.094422 0.601815 0.038306 0.024194
0 0.166667 0.701613 0.038978 0.030242
0 0.213710 0.701109 0.030914 0.032258
0 0.502016 0.758317 0.034946 0.028730
0 0.623656 0.774194 0.065860 0.041331
0 0.700605 0.744708 0.043683 0.025706
0 0.719086 0.234123 0.057796 0.037802
0 0.642809 0.206905 0.035618 0.033770
0 0.824933 0.294859 0.028898 0.037298
0 0.807796 0.344758 0.072581 0.059476
0 0.881384 0.440776 0.071909 0.036794
0 0.886761 0.401210 0.035618 0.033266
1 0.895833 0.484879 0.028226 0.056452
1 0.063172 0.500000 0.021505 0.032258
1 0.081317 0.612147 0.038978 0.037802
1 0.757392 0.719758 0.052419 0.019153
1 0.775202 0.509577 0.014113 0.027218
1 0.400202 0.173639 0.057124 0.019657
1 0.328965 0.184728 0.042339 0.009577
1 0.491935 0.166835 0.061828 0.011089
1 0.902218 0.548387 0.010081 0.022177
1 0.910954 0.488407 0.018145 0.038306
2 0.449597 0.788054 0.056452 0.046875
