0 0.788306 0.340726 0.030914 0.035282
0 0.491263 0.302923 0.038978 0.025202
0 0.561828 0.211442 0.048387 0.018649
0 0.525538 0.198337 0.053763 0.017641
0 0.212366 0.304688 0.036290 0.040827
0 0.186492 0.342238 0.106855 0.050403
0 0.129032 0.568548 0.067204 0.055444
0 0.849126 0.390625 0.031586 0.038306
1 0.662298 0.772177 0.008737 0.024194
1 0.862567 0.375756 0.015457 0.022681
1 0.429772 0.204889 0.034274 0.014617
1 0.280242 0.268649 0.020161 0.041331
1 0.127352 0.507812 0.014113 0.048891
1 0.181452 0.554435 0.008065 0.027218
1 0.133737 0.608871 0.022849 0.028226
1 0.463038 0.687752 0.045699 0.011593
1 0.481855 0.714718 0.034946 0.011089
