0 0.347278 0.169229 0.045363 0.028478
0 0.245128 0.224672 0.105175 0.100050
0 0.179603 0.304688 0.066196 0.053427
0 0.138105 0.377772 0.023522 0.029738
0 0.166667 0.505418 0.033602 0.031502
0 0.219926 0.596018 0.059476 0.042843
0 0.287970 0.659148 0.026210 0.031502
0 0.337870 0.674773 0.062164 0.041583
0 0.617272 0.697581 0.066532 0.035282
0 0.585685 0.451739 0.060484 0.069304
0 0.925571 0.375504 0.037970 0.042843
0 0.860383 0.253024 0.062164 0.054940
0 0.651714 0.146295 0.042675 0.064264
1 0.685652 0.682460 0.042003 0.012601
1 0.735383 0.672883 0.055444 0.037802
