0 0.146001 0.316028 0.029234 0.055948
0 0.328293 0.181200 0.093414 0.044859
0 0.805108 0.259955 0.073925 0.025958
0 0.859543 0.323589 0.070565 0.037298
0 0.925571 0.412802 0.051411 0.063004
0 0.890793 0.472026 0.084005 0.035282
0 0.143817 0.595766 0.050403 0.027218
0 0.164147 0.644279 0.038642 0.053679
1 0.442036 0.203881 0.045363 0.019657
1 0.530242 0.153730 0.053763 0.012601
1 0.669691 0.749496 0.043683 0.038306
1 0.489919 0.436744 0.026882 0.035282
1 0.621472 0.140499 0.015793 0.028982
1 0.102823 0.544355 0.020161 0.045363
1 0.198085 0.681452 0.027890 0.032258
1 0.110215 0.586064 0.016801 0.034022
1 0.468918 0.780368 0.062164 0.034526
