0 0.350806 0.154738 0.053763 0.039315
0 0.232863 0.692288 0.063844 0.031754
0 0.432460 0.719758 0.038306 0.032258
0 0.795699 0.660534 0.041667 0.025706
0 0.835349 0.654486 0.037634 0.042843
0 0.910954 0.325857 0.059812 0.051915
0 0.858199 0.256804 0.040323 0.020665
1 0.199261 0.248992 0.054435 0.041331
1 0.115927 0.338458 0.018145 0.038810
1 0.314852 0.467994 0.027554 0.037802
1 0.346774 0.557964 0.063172 0.025202
1 0.331317 0.685232 0.030914 0.035786
1 0.348454 0.716986 0.058468 0.031754
1 0.740927 0.706905 0.070565 0.016633
1 0.589718 0.459677 0.024866 0.014113
1 0.763777 0.445060 0.015457 0.024194
1 0.902554 0.539567 0.014785 0.039819
1 0.928763 0.486895 0.040323 0.020161
1 0.929435 0.423891 0.053763 0.020161
1 0.944220 0.398942 0.029570 0.028730
1 0.924731 0.375756 0.020161 0.034778
1 0.875336 0.275958 0.051747 0.019657
1 0.709341 0.159526 0.047715 0.036794
