0 0.391465 0.161038 0.045027 0.033770
0 0.388777 0.196573 0.038306 0.026210
0 0.187500 0.385837 0.037634 0.029738
0 0.128696 0.465474 0.049059 0.044859
0 0.383065 0.755544 0.069892 0.037298
0 0.443548 0.763609 0.048387 0.033266
0 0.488239 0.769657 0.039651 0.056452
0 0.588374 0.752520 0.090726 0.042339
0 0.759745 0.726815 0.053091 0.044355
0 0.794691 0.713206 0.032930 0.036290
0 0.609207 0.163306 0.058468 0.035282
0 0.312164 0.194556 0.077285 0.028226
0 0.472782 0.518145 0.040995 0.023185
0 0.406922 0.535282 0.032930 0.040323
0 0.254704 0.694052 0.047043 0.031250
0 0.660282 0.778982 0.046371 0.023690
1 0.592406 0.489667 0.035618 0.025706
1 0.131720 0.523942 0.020161 0.037802
1 0.572245 0.144657 0.062500 0.013105
1 0.698925 0.183216 0.049731 0.025706
1 0.957325 0.540827 0.016801 0.050403
1 0.925067 0.608619 0.026210 0.048891
1 0.397177 0.665071 0.033602 0.013609
1 0.288978 0.725302 0.025538 0.015121
1 0.304099 0.740171 0.026210 0.011593
1 0.509745 0.449093 0.022177 0.008065
2 0.175067 0.339466 0.065188 0.047883
