0 0.819892 0.332661 0.130376 0.060484
0 0.784274 0.207157 0.034946 0.031250
0 0.721102 0.191532 0.051075 0.032258
0 0.447581 0.132056 0.038978 0.018145
0 0.313844 0.172883 0.043011 0.027218
0 0.137097 0.319052 0.041667 0.035282
0 0.167339 0.557460 0.051075 0.050403
0 0.682124 0.682964 0.061828 0.027218
0 0.815860 0.611895 0.063172 0.056452
0 0.901210 0.429435 0.080645 0.034274
0 0.534274 0.397681 0.064516 0.053427
0 0.311156 0.432460 0.077957 0.044355
0 0.480511 0.462198 0.099462 0.035282
1 0.524866 0.564012 0.024194 0.045363
1 0.181452 0.257560 0.041667 0.051411
