0 0.170027 0.402218 0.040323 0.095766
0 0.183804 0.492440 0.034274 0.022177
0 0.251008 0.698085 0.036962 0.035282
0 0.385081 0.654738 0.036290 0.028226
0 0.634073 0.751260 0.039651 0.036794
0 0.686492 0.740927 0.092070 0.055444
0 0.910282 0.588458 0.050403 0.059980
1 0.142809 0.435736 0.011425 0.025706
1 0.305108 0.739667 0.051075 0.024698
1 0.550067 0.767641 0.022177 0.032258
1 0.384745 0.764113 0.032930 0.021169
1 0.850806 0.645665 0.043011 0.033266
1 0.711358 0.348790 0.042339 0.023185
1 0.718750 0.319556 0.032930 0.011089
1 0.132392 0.560988 0.025538 0.016129
1 0.206653 0.635081 0.027554 0.008065
