0 0.390121 0.526210 0.077285 0.047883
0 0.528226 0.484249 0.044355 0.033518
0 0.732359 0.336190 0.048051 0.042339
0 0.591230 0.270917 0.051411 0.032762
0 0.504704 0.264113 0.030914 0.055444
0 0.310652 0.294229 0.039315 0.059224
0 0.113743 0.552545 0.042003 0.046623
0 0.178259 0.587954 0.028562 0.047883
0 0.153058 0.662802 0.038642 0.037802
0 0.235383 0.731225 0.052083 0.051159
0 0.299227 0.747606 0.068884 0.047127
0 0.379032 0.781628 0.050403 0.032006
0 0.487399 0.784148 0.055444 0.038558
0 0.616095 0.780116 0.031922 0.046623
0 0.765121 0.681452 0.047715 0.032258
0 0.555948 0.770035 0.044691 0.034022
1 0.113239 0.435358 0.030914 0.039062
1 0.694220 0.304940 0.036962 0.025202
