0 0.502856 0.416331 0.061492 0.022681
0 0.539651 0.549773 0.030242 0.039567
0 0.251512 0.718246 0.054772 0.058972
0 0.297547 0.774950 0.048051 0.054435
0 0.403730 0.801789 0.058132 0.051159
0 0.628864 0.827495 0.058132 0.026966
0 0.958669 0.574597 0.065860 0.072077
0 0.559812 0.233115 0.043683 0.037802
1 0.113743 0.407006 0.032594 0.034274
1 0.235383 0.291457 0.024530 0.043599
1 0.661794 0.241053 0.052755 0.013357
1 0.726310 0.262853 0.042675 0.030242
1 0.829301 0.302797 0.042339 0.020917
1 0.914987 0.420867 0.041667 0.046875
1 0.701109 0.525454 0.039315 0.012601
1 0.709509 0.487651 0.022513 0.057964
1 0.678091 0.667339 0.040323 0.037802
