0 0.118280 0.342742 0.073253 0.065524
0 0.497984 0.532132 0.051075 0.059728
0 0.355679 0.500000 0.078965 0.035786
0 0.308636 0.181200 0.058804 0.028226
0 0.618952 0.775958 0.049731 0.018145
1 0.535786 0.789189 0.078293 0.025958
1 0.078293 0.506300 0.016801 0.040827
1 0.938172 0.460307 0.027554 0.061240
1 0.914651 0.342490 0.046371 0.030746
1 0.903562 0.358871 0.057124 0.042339
1 0.600974 0.161668 0.042003 0.014365
1 0.589046 0.152470 0.067204 0.015121
1 0.686492 0.180570 0.043683 0.034526
1 0.726815 0.194808 0.036962 0.015121
1 0.079637 0.463458 0.016129 0.025706
