0 0.334173 0.642389 0.078293 0.066028
0 0.461358 0.845514 0.050403 0.047883
0 0.650874 0.820060 0.071237 0.052419
0 0.152722 0.432208 0.031250 0.032762
0 0.296371 0.303805 0.037634 0.039062
0 0.447581 0.285786 0.026210 0.032258
0 0.797379 0.421875 0.043683 0.040827
1 0.451781 0.284526 0.061492 0.018145
1 0.176747 0.778478 0.033602 0.035786
1 0.320733 0.842112 0.062836 0.016885
1 0.373656 0.844002 0.022849 0.030746
1 0.379536 0.861895 0.039315 0.015121
1 0.601310 0.851941 0.041331 0.021421
1 0.787802 0.748866 0.041331 0.033518
1 0.828629 0.668221 0.030242 0.023438
2 0.851142 0.619456 0.057124 0.060484
