0 0.098790 0.408770 0.045699 0.052419
0 0.106183 0.465726 0.067204 0.026210
0 0.500000 0.734879 0.047043 0.039315
0 0.358871 0.151714 0.047043 0.037298
0 0.394489 0.146925 0.044355 0.020665
0 0.749328 0.209173 0.033602 0.031250
0 0.823925 0.271925 0.032258 0.037802
0 0.915659 0.296119 0.061156 0.038810
0 0.108535 0.443800 0.040995 0.029738
1 0.158266 0.593750 0.019489 0.044355
1 0.691196 0.710181 0.067876 0.025202
1 0.818212 0.657006 0.031586 0.032762
1 0.716062 0.472026 0.043683 0.028730
1 0.738911 0.382812 0.049059 0.038810
1 0.828965 0.240423 0.058468 0.015121
1 0.467070 0.127268 0.052419 0.030746
1 0.185148 0.240423 0.049059 0.008065
1 0.120968 0.314768 0.016129 0.035786
1 0.154906 0.298891 0.051747 0.015121
1 0.434476 0.262601 0.010081 0.024194
1 0.328293 0.362651 0.019489 0.021673
1 0.463038 0.391633 0.021505 0.017137
