0 0.806743 0.753289 0.137336 0.160362
0 0.389803 0.747738 0.106086 0.097451
0 0.135074 0.734375 0.076069 0.068257
0 0.118010 0.265831 0.050164 0.056332
0 0.519326 0.425370 0.064145 0.074424
0 0.069285 0.377878 0.057155 0.059211
0 0.102179 0.412829 0.038240 0.060855
0 0.083882 0.620066 0.054276 0.068257
1 0.357936 0.297492 0.020148 0.069490
1 0.540913 0.809416 0.061266 0.038240
1 0.273026 0.862048 0.050987 0.029194
1 0.161595 0.785979 0.073191 0.033306
1 0.770354 0.207237 0.039062 0.053454
1 0.784539 0.835526 0.060855 0.026316
1 0.195312 0.180099 0.022204 0.032895
1 0.211349 0.170230 0.019737 0.041118
1 0.236842 0.129523 0.032895 0.041941
1 0.271587 0.134046 0.038240 0.059211
1 0.359375 0.157072 0.032895 0.045230
1 0.392475 0.927220 0.034951 0.027138
1 0.533717 0.918380 0.035362 0.029194
1 0.514597 0.951480 0.029194 0.045230
1 0.508224 0.883224 0.064145 0.055099
1 0.318668 0.433594 0.033717 0.052220
1 0.281661 0.388158 0.018092 0.032072
1 0.481086 0.206209 0.037829 0.039062
2 0.688734 0.296464 0.050164 0.041118
2 0.726357 0.879729 0.048931 0.053865
