0 0.253192 0.694682 0.045363 0.037046
0 0.443044 0.746094 0.072245 0.051663
0 0.612567 0.721144 0.050403 0.033518
0 0.678595 0.706275 0.048051 0.023942
0 0.748320 0.689894 0.061156 0.034022
0 0.786122 0.607107 0.039315 0.024698
0 0.839046 0.513231 0.046371 0.037046
0 0.726983 0.314390 0.072245 0.034022
0 0.505040 0.221270 0.060484 0.032762
0 0.240927 0.285786 0.051075 0.029738
0 0.201445 0.314390 0.052755 0.054183
0 0.152722 0.378150 0.041331 0.046623
0 0.125000 0.431074 0.057796 0.051663
0 0.790827 0.641129 0.028562 0.024698
0 0.659610 0.723664 0.050403 0.014365
1 0.826109 0.584173 0.028562 0.047883
1 0.834509 0.421497 0.021841 0.056704
