0 0.284022 0.799563 0.051915 0.054099
0 0.614415 0.710013 0.031250 0.037634
0 0.641885 0.546539 0.034274 0.030578
0 0.310862 0.181620 0.041079 0.058132
0 0.506300 0.140289 0.035282 0.036626
0 0.471144 0.785282 0.024446 0.051747
0 0.139743 0.605007 0.027470 0.056116
0 0.229461 0.750168 0.045111 0.046707
1 0.354713 0.145329 0.039062 0.014449
1 0.310106 0.771673 0.025958 0.042675
1 0.240549 0.219590 0.028982 0.028562
1 0.292465 0.225806 0.019909 0.028226
1 0.375000 0.281250 0.038306 0.049731
1 0.346648 0.112735 0.033518 0.018481
1 0.402092 0.113743 0.031502 0.022513
1 0.489919 0.183468 0.011593 0.029570
1 0.438760 0.420699 0.038810 0.037634
1 0.422379 0.463038 0.041331 0.030242
1 0.578881 0.772177 0.015121 0.043683
1 0.474672 0.847950 0.039062 0.022513
1 0.525832 0.456317 0.018901 0.023522
