0 0.138441 0.578881 0.077957 0.065020
0 0.109543 0.506804 0.026882 0.044859
0 0.281922 0.364919 0.032930 0.024194
0 0.247312 0.244708 0.045699 0.025706
0 0.330309 0.754788 0.081317 0.038810
0 0.514449 0.228075 0.038306 0.024698
0 0.639449 0.225050 0.128360 0.034778
1 0.147849 0.331401 0.030914 0.034778
1 0.114247 0.480343 0.052419 0.020161
1 0.256720 0.707157 0.045699 0.038306
1 0.361223 0.759325 0.047715 0.012601
1 0.664651 0.629788 0.034946 0.030746
1 0.704637 0.637097 0.016801 0.025202
1 0.591734 0.201109 0.042339 0.012097
