0 0.433216 0.119120 0.052419 0.063508
0 0.252520 0.162466 0.029234 0.046035
0 0.633065 0.254368 0.027722 0.067204
0 0.132812 0.581821 0.023185 0.057460
0 0.126386 0.618616 0.030494 0.044355
0 0.373488 0.856519 0.033770 0.040995
0 0.486517 0.131048 0.046623 0.045027
1 0.298513 0.130544 0.011341 0.052755
1 0.297127 0.119456 0.041835 0.021841
1 0.585685 0.654570 0.043347 0.016801
1 0.298513 0.620464 0.009829 0.054772
1 0.158518 0.279570 0.016633 0.039651
1 0.378780 0.691196 0.008569 0.030242
1 0.201361 0.690356 0.026714 0.017809
1 0.287802 0.832661 0.052419 0.042339
1 0.602571 0.751680 0.031754 0.036290
1 0.579385 0.715390 0.021169 0.050403
1 0.542969 0.720766 0.027974 0.018817
1 0.526714 0.743784 0.037802 0.031250
1 0.562122 0.747648 0.042591 0.024866
1 0.525958 0.817204 0.031250 0.014785
1 0.417591 0.844926 0.023690 0.035282
2 0.677167 0.516129 0.058972 0.114919
