0 0.275538 0.289062 0.079301 0.073085
0 0.139785 0.527722 0.077957 0.063508
0 0.310148 0.756552 0.053091 0.034274
0 0.372312 0.751260 0.056452 0.028730
0 0.392809 0.238659 0.047715 0.023690
0 0.709341 0.797883 0.030242 0.025202
1 0.756720 0.276210 0.016129 0.028226
1 0.456317 0.796623 0.033602 0.033770
1 0.743952 0.792843 0.038978 0.033266
1 0.718078 0.701613 0.051747 0.045363
1 0.820565 0.814012 0.037634 0.027218
1 0.794355 0.313760 0.064516 0.034778
1 0.824933 0.345262 0.057124 0.052419
1 0.521505 0.781250 0.024194 0.017137
1 0.122648 0.603579 0.028898 0.021673
1 0.163978 0.659526 0.022849 0.029738
