0 0.848286 0.501890 0.048051 0.041079
0 0.854671 0.335307 0.038642 0.031502
0 0.768145 0.610257 0.073925 0.048639
0 0.746976 0.627520 0.060484 0.032762
0 0.858367 0.386593 0.039315 0.029738
0 0.880712 0.371472 0.050403 0.022177
0 0.367272 0.669733 0.053763 0.034022
0 0.256888 0.600176 0.074933 0.034526
0 0.207661 0.562752 0.067204 0.040323
0 0.145161 0.484879 0.053091 0.038306
0 0.162802 0.405494 0.054772 0.042339
0 0.199765 0.282258 0.029234 0.035282
0 0.275874 0.219632 0.040323 0.041079
0 0.239583 0.254914 0.036962 0.037046
0 0.338374 0.206779 0.069892 0.041583
1 0.531922 0.151336 0.057124 0.011341
1 0.198925 0.317918 0.056452 0.038558
