0 0.468414 0.259577 0.064516 0.059476
0 0.311156 0.227823 0.064516 0.040323
0 0.179435 0.624496 0.040323 0.047379
0 0.295027 0.717238 0.083333 0.043347
0 0.530242 0.761089 0.048387 0.056452
0 0.835349 0.652218 0.048387 0.032258
0 0.891129 0.388609 0.025538 0.023185
0 0.840054 0.314516 0.036290 0.028226
0 0.547715 0.179435 0.045699 0.020161
0 0.456317 0.455645 0.051075 0.070565
0 0.520833 0.487399 0.083333 0.045363
0 0.375000 0.353831 0.026882 0.012097
0 0.618616 0.706149 0.059812 0.099798
1 0.271169 0.515877 0.045027 0.054940
1 0.659946 0.200101 0.073925 0.025202
