0 0.214382 0.322581 0.051075 0.034274
0 0.234207 0.528982 0.044355 0.020665
0 0.203125 0.714844 0.049395 0.039567
0 0.367440 0.770917 0.028562 0.043347
0 0.560148 0.592616 0.077957 0.056200
0 0.647513 0.395791 0.094758 0.036542
0 0.711358 0.449849 0.071237 0.050403
1 0.500000 0.213080 0.050403 0.011341
1 0.117103 0.606477 0.035282 0.046119
1 0.611391 0.222782 0.048051 0.024698
1 0.813844 0.338962 0.034274 0.022681
1 0.823925 0.375000 0.039651 0.037802
1 0.875504 0.487651 0.011761 0.020161
1 0.851310 0.490549 0.035282 0.013357
1 0.861727 0.531250 0.037970 0.042843
1 0.797379 0.675151 0.043683 0.030746
2 0.396337 0.221774 0.085013 0.050403
