0 0.341062 0.201361 0.055780 0.026714
0 0.466062 0.190020 0.066532 0.035282
0 0.805780 0.365171 0.034946 0.036794
0 0.833333 0.375756 0.028226 0.034778
0 0.817204 0.328881 0.045699 0.016633
1 0.276882 0.229335 0.032258 0.015121
1 0.309140 0.225806 0.010753 0.016129
1 0.345766 0.220262 0.010081 0.021169
1 0.542339 0.183720 0.059140 0.014617
1 0.571237 0.718750 0.030914 0.016129
1 0.651882 0.709425 0.043011 0.030746
1 0.769825 0.571573 0.047715 0.024194
1 0.889113 0.496976 0.053763 0.053427
1 0.895161 0.456149 0.012097 0.033266
1 0.863239 0.435484 0.042339 0.025202
1 0.855175 0.353327 0.024866 0.027218
1 0.629368 0.335433 0.022177 0.016633
1 0.847446 0.456149 0.032258 0.009073
1 0.831317 0.314264 0.047043 0.022681