0 0.247984 0.655746 0.060484 0.044355
0 0.164315 0.515877 0.050403 0.050907
0 0.152890 0.469506 0.036962 0.039819
0 0.161626 0.384829 0.027554 0.018649
0 0.281250 0.250000 0.039651 0.029234
0 0.358871 0.227823 0.041667 0.033266
0 0.407258 0.221522 0.044355 0.027722
0 0.429772 0.203881 0.045027 0.020665
1 0.859207 0.339214 0.024866 0.036290
1 0.652554 0.226310 0.038978 0.029234
1 0.676075 0.219758 0.073925 0.037298
1 0.538978 0.189516 0.048387 0.009073
1 0.484879 0.196573 0.035618 0.037298
1 0.306116 0.236391 0.031586 0.022177
1 0.230847 0.291583 0.016801 0.023690
1 0.311492 0.694304 0.018145 0.025706
1 0.348790 0.381552 0.024194 0.014113
1 0.211694 0.603579 0.030914 0.012601
1 0.171371 0.556200 0.022849 0.017641
1 0.189180 0.587702 0.011425 0.018145
