0 0.139113 0.332661 0.029570 0.032258
0 0.227151 0.236391 0.033602 0.019153
0 0.493952 0.172379 0.080645 0.030242
0 0.571237 0.325101 0.146505 0.061492
0 0.504032 0.420867 0.071237 0.043347
0 0.114247 0.519657 0.028226 0.033266
0 0.377016 0.530242 0.080645 0.048387
0 0.514785 0.495968 0.076613 0.044355
0 0.896505 0.472278 0.060484 0.065524
0 0.845430 0.595262 0.055108 0.029234
0 0.825941 0.290323 0.056452 0.056452
0 0.323925 0.706653 0.047043 0.042339
0 0.569892 0.170867 0.044355 0.021169
1 0.104167 0.445060 0.026882 0.055444