0 0.539315 0.183216 0.047715 0.030746
0 0.479503 0.174899 0.067876 0.034274
0 0.210349 0.286794 0.068548 0.062500
0 0.722782 0.338458 0.034274 0.029738
0 0.855511 0.301663 0.044355 0.031754
0 0.861895 0.333921 0.030242 0.032762
0 0.819556 0.633317 0.070565 0.087198
0 0.849798 0.544859 0.046371 0.027218
1 0.280914 0.250252 0.048387 0.026714
1 0.181452 0.311996 0.016129 0.029234
1 0.284610 0.551411 0.031586 0.030242
1 0.264449 0.580897 0.030242 0.019657
1 0.787298 0.246472 0.028898 0.023185
1 0.626680 0.196825 0.040995 0.030746
1 0.309140 0.720766 0.030914 0.011089
1 0.281250 0.531250 0.012769 0.015121
1 0.218078 0.297379 0.031586 0.024194
