0 0.556116 0.723034 0.039651 0.031754
0 0.698589 0.668851 0.054435 0.040323
0 0.751008 0.666835 0.046371 0.038306
0 0.802923 0.620968 0.068212 0.033266
0 0.818380 0.503780 0.089046 0.050907
0 0.843246 0.528352 0.031250 0.026966
0 0.816364 0.544355 0.051411 0.037802
0 0.650370 0.540575 0.028562 0.037802
0 0.446237 0.503528 0.060484 0.045363
0 0.761257 0.282258 0.062164 0.060484
0 0.831989 0.365171 0.043683 0.040827
0 0.478999 0.205519 0.065524 0.061744
0 0.127520 0.492440 0.056116 0.044859
1 0.791667 0.339340 0.020161 0.032006
1 0.177587 0.474168 0.018481 0.038558
1 0.364919 0.215600 0.040323 0.036542
1 0.268985 0.267137 0.038642 0.040323
1 0.221942 0.619330 0.045363 0.016381
1 0.468582 0.544481 0.027890 0.039062
1 0.640793 0.714214 0.020833 0.023185
1 0.184140 0.606477 0.043683 0.028478
2 0.749160 0.333921 0.042675 0.037802
