0 0.108535 0.521043 0.053763 0.031502
0 0.136257 0.673639 0.052083 0.022681
0 0.443044 0.695312 0.092406 0.053427
0 0.714718 0.727823 0.076613 0.032762
0 0.850302 0.664062 0.072245 0.047883
0 0.565188 0.315146 0.054435 0.026462
0 0.224462 0.419355 0.047043 0.023185
1 0.178763 0.417087 0.051075 0.042843
1 0.486559 0.887097 0.053763 0.015121
1 0.671875 0.848790 0.039315 0.042843
1 0.711862 0.821321 0.035282 0.018145
1 0.728999 0.834551 0.024530 0.015877
1 0.834341 0.749748 0.036962 0.037802
1 0.891465 0.536920 0.016801 0.039062
2 0.792003 0.405746 0.079973 0.047883
