0 0.409904 0.538138 0.055192 0.063508
0 0.377142 0.824597 0.026462 0.047715
0 0.439516 0.856519 0.039819 0.033602
0 0.144027 0.541331 0.017893 0.055780
0 0.316784 0.467910 0.051915 0.034610
0 0.682838 0.617272 0.032006 0.041667
0 0.206023 0.303931 0.032006 0.046035
0 0.461946 0.127016 0.029234 0.022849
1 0.593246 0.327789 0.014617 0.056788
1 0.610887 0.362231 0.008569 0.045699
1 0.604209 0.286962 0.021925 0.056452
1 0.619834 0.319724 0.013357 0.056788
1 0.143019 0.486055 0.007812 0.037298
1 0.167213 0.376344 0.024446 0.047715
1 0.248488 0.247144 0.033266 0.031922
1 0.270035 0.169859 0.024446 0.027218
1 0.282888 0.194052 0.030494 0.026546
1 0.487903 0.865423 0.033266 0.023185
1 0.541583 0.191532 0.018649 0.022849
1 0.593372 0.810988 0.027974 0.045363
1 0.561492 0.175739 0.033266 0.014113
1 0.565524 0.152554 0.010585 0.033602
1 0.185484 0.554099 0.025202 0.038978
2 0.406376 0.442204 0.045111 0.100134
